$ 1 0.000005 69.34413510434165 64 7 50 5e-11
w -240 0 -240 32 0
w -240 32 -176 32 0
c -240 32 -240 128 0 0.000001 2.3782468760045483 0.001
w -240 -128 -112 -128 0
R -240 -128 -272 -128 0 0 40 5 0 0 0.5
O 576 336 688 336 0 0
165 -176 -96 240 -96 6 0
w -112 -128 -48 -128 0
w -48 -128 -48 -64 0
w -240 0 -192 0 0
w -192 0 -176 0 0
g -80 128 -80 160 0 0
w -112 128 -80 128 0
w -80 64 -80 128 0
c -112 64 -112 128 0 1e-8 3.333333333333333 0.001
w -240 128 -112 128 0
r -240 -128 -240 -64 0 1000
w -240 -64 -176 -64 0
174 -304 -64 -304 -16 1 1000000 0.9950000000000001 Resistance
w -304 0 -240 0 0
r -288 -32 -176 -32 0 1000
w -176 -64 -176 -32 0
w 192 128 320 128 0
c 320 64 320 128 0 1e-8 3.333333333333333 0.001
w 352 64 352 128 0
w 320 128 352 128 0
g 352 128 352 160 0 0
w 192 0 256 0 0
w 128 0 192 0 0
w 384 -128 384 -64 0
w 320 -128 384 -128 0
165 256 -96 608 -96 6 0
O 384 -32 496 -32 0 0
R 192 -128 160 -128 0 0 40 5 0 0 0.5
w 192 -128 240 -128 0
c 192 32 192 128 0 1e-7 0.00004999950000499995 0.001
w 192 32 256 32 0
s 128 0 128 128 0 1 true
w 128 128 192 128 0
r 192 -128 192 0 0 1000
w 256 -64 256 32 0
w 240 -128 320 -128 0
r 240 -128 240 -64 0 1000000
w 240 -64 256 -64 0
w 624 -128 704 -128 0
w 640 128 640 32 0
w 576 -128 624 -128 0
R 576 -128 544 -128 0 0 40 5 0 0 0.5
O 768 -32 880 -32 0 0
165 640 -96 656 -96 6 4.999999950000001
w 704 -128 768 -128 0
g 736 128 736 160 0 0
w 704 128 736 128 0
w 736 64 736 128 0
c 704 64 704 128 0 1e-8 3.333333333333333 0.001
w 544 128 640 128 0
w 640 128 704 128 0
S 544 -16 592 -16 0 1 false 0 2
r 768 -128 768 -64 0 1000
w 768 -64 816 -64 0
w 816 -64 816 -160 0
w 816 -160 592 -160 0
w 592 -160 592 -32 0
w 592 0 624 0 0
r 624 0 624 -128 0 1000
w 624 0 640 0 0
w 544 -16 544 128 0
x -240 -181 -160 -178 4 24 Astable
x 167 -181 291 -178 4 24 Monostable
x 621 -183 706 -180 4 24 Bistable
I 48 352 128 352 0 0.5 5
150 128 272 256 272 0 2 0 5
150 128 368 256 368 0 2 0 5
152 320 320 448 320 0 2 0 5
I 48 464 128 464 0 0.5 5
w 128 288 16 288 0
w 48 352 16 352 0
w 16 352 16 288 0
w 48 -32 48 256 0
w 48 256 128 256 0
w 48 464 -48 464 0
w 256 272 256 304 0
w 256 304 320 304 0
w 256 368 256 336 0
w 256 336 320 336 0
150 448 336 576 336 0 2 0 5
w 448 352 448 464 0
w 448 464 128 464 0
L -48 464 -96 464 0 0 false 5 0
w 16 288 16 224 0
w 16 224 768 224 0
w 768 224 768 -32 0
w 128 384 -16 384 0
w -16 384 -16 192 0
w -16 192 384 192 0
w 384 192 384 -32 0
w 48 -32 -48 -32 0
I 576 288 672 288 0 0.5 5
w 576 336 576 288 0
162 576 336 576 400 2 default-led 0 0 1 0.01
r 576 400 672 400 0 1000
g 672 400 672 432 0 0
o 2 32 0 4099 10 0.00078125 0 2 2 3
o 5 16 0 4106 5 0.00009765625 1 1
o 32 8 0 4098 0.0000762939453125 0.1 2 1
o 48 16 0 4098 5 0.1 3 1
