$ 1 0.000005 11.086722712598126 53 5 50 5e-11
x 196 63 329 66 4 24 1-bit\sregister
! default 0 A,Ld,Clk B 1-bit\sregister A1\p\s?\qA\n?0?\sB\qB\n
208 240 192 304 192 0 default 0
L 240 192 192 192 0 0 false 5 0
L 240 224 192 224 0 0 false 5 0
R 240 256 192 256 1 2 100 2.5 2.5 0 0.5
M 336 192 336 128 0 2.5
! 8-bit\sregister 0 A0,A1,A2,A3,A4,A5,A6,A7,Ld,Clk B0,B1,B2,B3,B4,B5,B6,B7 8-bit\sregister ABCDEFGH1\p\s?\qABCDEFGH\n????????0?\sMNOPQRST\qMNOPQRST\n
208 624 128 704 128 0 8-bit\sregister 0 0 5 5 0 5 5 0
L 624 128 592 128 0 0 false 5 0
L 624 160 592 160 0 0 false 5 0
L 624 192 592 192 0 1 false 5 0
L 624 224 592 224 0 1 false 5 0
L 624 256 592 256 0 0 false 5 0
L 624 288 592 288 0 1 false 5 0
L 624 320 592 320 0 1 false 5 0
L 624 352 592 352 0 0 false 5 0
L 624 384 592 384 0 0 false 5 0
R 624 416 592 416 1 2 100 2.5 2.5 0 0.5
180 336 192 464 192 0 0.1 10000000000 100000000
w 400 208 400 288 0
w 400 288 240 288 0
L 240 288 192 288 0 0 false 5 0
M 464 192 496 192 0 2.5
! 8-bit\sbuffer 0 A0,A1,A2,A3,A4,A5,A6,A7,En B0,B1,B2,B3,B4,B5,B6,B7 8-bit\sbuffer ABCDEFGH1\qABCDEFGH\n????????0\q________\n
208 720 128 784 128 0 8-bit\sbuffer 0 0 5 5 0 5 5 0
M 816 128 848 128 0 2.5
M 816 160 848 160 0 2.5
M 816 192 848 192 0 2.5
M 816 224 848 224 0 2.5
M 816 256 848 256 0 2.5
M 816 288 848 288 0 2.5
M 816 320 848 320 0 2.5
M 816 352 848 352 0 2.5
w 720 384 720 448 0
w 720 448 624 448 0
L 624 448 592 448 0 0 false 5 0
x 596 63 729 66 4 24 8-bit\sregister
