$ 1 0.000005 10.20027730826997 50 5 50 5e-11
150 400 176 512 176 0 2 5 5
150 400 272 512 272 0 2 0 5
152 544 224 656 224 0 2 5 5
155 720 224 832 224 0 5
w 816 224 832 224 0
w 832 224 832 112 0
w 832 112 400 112 0
w 400 112 400 160 0
I 320 192 400 192 0 0.5 5
w 320 192 320 256 0
w 320 256 400 256 0
w 320 192 256 192 0
w 400 288 256 288 0
w 544 208 512 208 0
w 512 208 512 176 0
w 544 240 512 240 0
w 512 240 512 272 0
L 256 192 192 192 0 0 false 5 0
L 256 288 192 288 0 0 false 5 0
M 976 224 1040 224 0 2.5
x 217 176 270 179 4 24 Load
x 215 267 268 270 4 24 Input
R 720 256 672 256 1 2 100 2.5 2.5 0 0.5
w 656 224 720 224 0
x 196 63 329 66 4 24 1-bit\sregister
180 880 224 976 224 0 0.1 10000000000 100000000
w 256 384 928 384 0
w 928 384 928 240 0
L 256 384 192 384 0 0 false 5 0
x 216 363 290 366 4 24 Enable
w 832 224 880 224 0
M 880 224 880 160 0 2.5
