$ 1 0.000005 11.086722712598126 53 5 50 5e-11
! 8-bit\sregister 0 A0,A1,A2,A3,A4,A5,A6,A7,Ld,Clk B0,B1,B2,B3,B4,B5,B6,B7 8-bit\sregister ABCDEFGH1\p\s?\qABCDEFGH\n????????0?\sMNOPQRST\qMNOPQRST\n
208 400 112 480 112 0 8-bit\sregister 0 0 0 5 0 0 0 0
R 400 400 368 400 1 2 100 2.5 2.5 0 0.5
! 8-bit\sbuffer 0 A0,A1,A2,A3,A4,A5,A6,A7,En B0,B1,B2,B3,B4,B5,B6,B7 8-bit\sbuffer ABCDEFGH1\qABCDEFGH\n????????0\q________\n
208 496 112 560 112 0 8-bit\sbuffer 0 4.9999999999 4.9999999999 9.9999999998e-11 9.9999999998e-11 9.9999999998e-11 9.9999999998e-11 0
w 496 368 496 432 0
w 496 432 400 432 0
L 400 432 368 432 0 0 false 5 0
x 350 47 452 50 4 24 A\sregister
207 -32 96 -32 128 4 BUS_7
207 16 96 16 128 4 BUS_6
207 64 96 64 128 4 BUS_5
207 112 96 112 128 4 BUS_4
207 304 96 304 128 4 BUS_0
207 256 96 256 128 4 BUS_1
207 208 96 208 128 4 BUS_2
207 160 96 160 128 4 BUS_3
419 80 208 576 208 0 8
207 400 112 368 112 4 BUS_0
207 400 144 368 144 4 BUS_1
207 400 176 368 176 4 BUS_2
207 400 208 368 208 4 BUS_3
207 400 240 368 240 4 BUS_4
207 400 272 368 272 4 BUS_5
207 400 304 368 304 4 BUS_6
207 400 336 368 336 4 BUS_7
L 400 368 368 368 0 0 false 5 0
207 592 112 624 112 4 BUS_0
207 592 144 624 144 4 BUS_1
207 592 176 624 176 4 BUS_2
207 592 208 624 208 4 BUS_3
207 592 240 624 240 4 BUS_4
207 592 272 624 272 4 BUS_5
207 592 304 624 304 4 BUS_6
207 592 336 624 336 4 BUS_7
L 112 80 112 32 0 0 false 5 0
L 64 80 64 32 0 0 false 5 0
L 16 80 16 32 0 0 false 5 0
L 160 80 160 32 0 0 false 5 0
L 208 80 208 32 0 0 false 5 0
x 340 495 442 498 4 24 B\sregister
207 80 208 48 208 4 BUS_7
207 80 240 48 240 4 BUS_6
207 80 272 48 272 4 BUS_5
207 80 304 48 304 4 BUS_4
207 80 336 48 336 4 BUS_3
207 80 368 48 368 4 BUS_2
207 80 400 48 400 4 BUS_1
207 80 432 48 432 4 BUS_0
207 576 784 608 784 4 BUS_7
207 576 752 608 752 4 BUS_6
207 576 720 608 720 4 BUS_5
207 576 688 608 688 4 BUS_4
207 576 656 608 656 4 BUS_3
207 576 624 608 624 4 BUS_2
207 576 592 608 592 4 BUS_1
207 576 560 608 560 4 BUS_0
L 384 816 352 816 0 0 false 5 0
207 384 784 352 784 4 BUS_7
207 384 752 352 752 4 BUS_6
207 384 720 352 720 4 BUS_5
207 384 688 352 688 4 BUS_4
207 384 656 352 656 4 BUS_3
207 384 624 352 624 4 BUS_2
207 384 592 352 592 4 BUS_1
207 384 560 352 560 4 BUS_0
L 384 880 352 880 0 0 false 5 0
w 480 880 384 880 0
w 480 816 480 880 0
208 480 560 544 560 0 8-bit\sbuffer 0 4.9999999999 4.9999999999 9.9999999998e-11 9.9999999998e-11 9.9999999998e-11 9.9999999998e-11 0
R 384 848 352 848 1 2 100 2.5 2.5 0 0.5
208 384 560 464 560 0 8-bit\sregister 0 5 0 0 0 0 0 0
207 496 112 496 128 4 A_0
207 496 144 496 160 4 A_1
196 1040 112 1088 112 2050 8
207 496 176 496 192 4 A_2
207 496 208 496 224 4 A_3
207 496 240 496 256 4 A_4
207 496 272 496 288 4 A_5
207 496 304 496 320 4 A_6
207 496 336 496 352 4 A_7
207 480 560 480 576 4 B_0
207 480 592 480 608 4 B_1
207 480 624 480 640 4 B_2
207 480 656 480 672 4 B_3
207 480 688 480 704 4 B_4
207 480 720 480 736 4 B_5
207 480 752 480 768 4 B_6
207 480 784 480 800 4 B_7
x 846 41 892 44 4 24 ALU
208 1136 336 1200 336 0 8-bit\sbuffer 0 4.9999999999 4.9999999999 9.9999999998e-11 9.9999999998e-11 9.9999999998e-11 9.9999999998e-11 0
207 1040 400 1008 400 4 A_0
207 1040 432 1008 432 4 A_1
207 1040 464 1008 464 4 A_2
207 1040 496 1008 496 4 A_3
207 1040 528 1008 528 4 A_4
207 1040 560 1008 560 4 A_5
207 1040 592 1008 592 4 A_6
207 1040 624 1008 624 4 A_7
154 944 144 1040 144 0 2 5 5
154 800 176 896 176 0 2 0 5
w 896 176 1040 176 0
w 800 160 736 160 0
w 944 128 736 128 0
w 736 128 736 160 0
154 944 208 1040 208 0 2 5 5
154 944 272 1040 272 0 2 5 5
154 944 336 1040 336 0 2 5 5
154 800 240 896 240 0 2 5 5
154 800 304 896 304 0 2 5 5
154 800 368 896 368 0 2 5 5
w 1040 240 896 240 0
w 1040 304 896 304 0
w 1040 368 896 368 0
w 944 192 896 192 0
w 896 192 896 208 0
w 896 208 736 208 0
w 944 256 896 256 0
w 896 256 896 272 0
w 896 272 736 272 0
w 944 320 896 320 0
w 896 320 896 336 0
w 896 336 736 336 0
w 736 160 736 208 0
w 736 208 736 224 0
w 736 272 736 288 0
w 736 224 736 272 0
w 800 224 736 224 0
w 736 288 736 336 0
w 800 288 736 288 0
w 736 336 736 352 0
w 800 352 736 352 0
w 736 352 736 432 0
207 1232 560 1264 560 4 BUS_7
207 1232 528 1264 528 4 BUS_6
207 1232 496 1264 496 4 BUS_5
207 1232 464 1264 464 4 BUS_4
207 1232 432 1264 432 4 BUS_3
207 1232 400 1264 400 4 BUS_2
207 1232 368 1264 368 4 BUS_1
207 1232 336 1264 336 4 BUS_0
207 944 160 912 160 4 B_0
207 944 224 912 224 4 B_2
207 944 288 912 288 4 B_4
207 944 352 912 352 4 B_6
207 800 192 768 192 4 B_1
207 800 256 768 256 4 B_3
207 800 320 768 320 4 B_5
207 800 384 768 384 4 B_7
w 1040 112 736 112 0
w 736 112 736 128 0
L 736 432 688 432 0 0 false 5 0
x 715 463 748 466 4 24 SU
L 1136 592 1136 608 0 1 false 5 0
L 256 80 256 32 0 1 false 5 0
L 304 80 304 32 0 0 false 5 0
L -32 80 -32 32 0 0 false 5 0
