$ 1 0.000049999999999999996 45.7144713268909 53 5 50 5e-11
! 8-bit\sregister 0 A0,A1,A2,A3,A4,A5,A6,A7,Ld,Clk,Clr B0,B1,B2,B3,B4,B5,B6,B7 8-bit\sregister ABCDEFGH1\p0\s?\qABCDEFGH\n????????0?0\sMNOPQRST\qMNOPQRST\n??????????1\q00000000\n
208 400 288 480 288 0 8-bit\sregister 0 0 0 0 0 0 0 0
! 8-bit\sbuffer 0 A0,A1,A2,A3,A4,A5,A6,A7,En B0,B1,B2,B3,B4,B5,B6,B7 8-bit\sbuffer ABCDEFGH1\qABCDEFGH\n????????0\q________\n
208 496 288 560 288 0 8-bit\sbuffer 0 0.8333333333333334 0.8333333333333334 0.8333333333333334 0 0 0 0
x 350 223 452 226 4 24 A\sregister
207 32 160 32 208 4 BUS_7
207 64 160 64 192 4 BUS_6
207 96 160 96 208 4 BUS_5
207 128 160 128 192 4 BUS_4
207 256 160 256 192 4 BUS_0
207 224 160 224 208 4 BUS_1
207 192 160 192 192 4 BUS_2
207 160 160 160 208 4 BUS_3
207 400 288 368 288 4 BUS_0
207 400 320 368 320 4 BUS_1
207 400 352 368 352 4 BUS_2
207 400 384 368 384 4 BUS_3
207 400 416 368 416 4 BUS_4
207 400 448 368 448 4 BUS_5
207 400 480 368 480 4 BUS_6
207 592 288 624 288 4 BUS_0
207 592 320 624 320 4 BUS_1
207 592 352 624 352 4 BUS_2
207 592 384 624 384 4 BUS_3
207 592 416 624 416 4 BUS_4
207 592 448 624 448 4 BUS_5
207 592 480 624 480 4 BUS_6
207 592 512 624 512 4 BUS_7
L 128 64 128 32 2 1 false 5 0
L 96 64 96 32 2 0 false 5 0
L 64 64 64 32 2 0 false 5 0
L 160 64 160 32 2 0 false 5 0
L 192 64 192 32 2 1 false 5 0
x 340 671 442 674 4 24 B\sregister
207 576 960 608 960 4 BUS_7
207 576 928 608 928 4 BUS_6
207 576 896 608 896 4 BUS_5
207 576 864 608 864 4 BUS_4
207 576 832 608 832 4 BUS_3
207 576 800 608 800 4 BUS_2
207 576 768 608 768 4 BUS_1
207 576 736 608 736 4 BUS_0
207 384 960 352 960 4 BUS_7
207 384 928 352 928 4 BUS_6
207 384 896 352 896 4 BUS_5
207 384 864 352 864 4 BUS_4
207 384 832 352 832 4 BUS_3
207 384 800 352 800 4 BUS_2
207 384 768 352 768 4 BUS_1
207 384 736 352 736 4 BUS_0
208 480 736 544 736 0 8-bit\sbuffer 0 0.8333333333333334 0.8333333333333334 0.8333333333333334 0 0 0 0
208 384 736 464 736 0 8-bit\sregister 0 0 0 0 0 0 0 0
207 496 288 496 304 4 A_0
207 496 320 496 336 4 A_1
196 1040 288 1088 288 2050 8
207 496 352 496 368 4 A_2
207 496 384 496 400 4 A_3
207 496 416 496 432 4 A_4
207 496 448 496 464 4 A_5
207 496 480 496 496 4 A_6
207 496 512 496 528 4 A_7
207 480 736 480 752 4 B_0
207 480 768 480 784 4 B_1
207 480 800 480 816 4 B_2
207 480 832 480 848 4 B_3
207 480 864 480 880 4 B_4
207 480 896 480 912 4 B_5
207 480 928 480 944 4 B_6
207 480 960 480 976 4 B_7
x 738 246 784 249 4 24 ALU
208 1136 512 1200 512 0 8-bit\sbuffer 0 0.8333333333333334 0.8333333333333334 0.8333333333333334 0 0 0 0
207 1040 576 1008 576 4 A_0
207 1040 608 1008 608 4 A_1
207 1040 640 1008 640 4 A_2
207 1040 672 1008 672 4 A_3
207 1040 704 1008 704 4 A_4
207 1040 736 1008 736 4 A_5
207 1040 768 1008 768 4 A_6
207 1040 800 1008 800 4 A_7
154 944 320 1040 320 0 2 0 5
154 800 352 896 352 0 2 0 5
w 896 352 1040 352 0
w 800 336 736 336 0
w 944 304 736 304 0
w 736 304 736 336 0
154 944 384 1040 384 0 2 0 5
154 944 448 1040 448 0 2 0 5
154 944 512 1040 512 0 2 0 5
154 800 416 896 416 0 2 0 5
154 800 480 896 480 0 2 0 5
154 800 544 896 544 0 2 0 5
w 1040 416 896 416 0
w 1040 480 896 480 0
w 1040 544 896 544 0
w 944 368 896 368 0
w 896 368 896 384 0
w 896 384 736 384 0
w 944 432 896 432 0
w 896 432 896 448 0
w 896 448 736 448 0
w 944 496 896 496 0
w 896 496 896 512 0
w 896 512 736 512 0
w 736 336 736 384 0
w 736 384 736 400 0
w 736 448 736 464 0
w 736 400 736 448 0
w 800 400 736 400 0
w 736 464 736 512 0
w 800 464 736 464 0
w 736 512 736 528 0
w 800 528 736 528 0
w 736 528 736 608 0
207 1232 736 1264 736 4 BUS_7
207 1232 704 1264 704 4 BUS_6
207 1232 672 1264 672 4 BUS_5
207 1232 640 1264 640 4 BUS_4
207 1232 608 1264 608 4 BUS_3
207 1232 576 1264 576 4 BUS_2
207 1232 544 1264 544 4 BUS_1
207 1232 512 1264 512 4 BUS_0
207 944 336 912 336 4 B_0
207 944 400 912 400 4 B_2
207 944 464 912 464 4 B_4
207 944 528 912 528 4 B_6
207 800 368 768 368 4 B_1
207 800 432 768 432 4 B_3
207 800 496 768 496 4 B_5
207 800 560 768 560 4 B_7
w 1040 288 736 288 0
w 736 288 736 304 0
L 224 64 224 32 2 0 false 5 0
L 256 64 256 32 2 1 false 5 0
L 32 64 32 32 2 0 false 5 0
413 -96 624 -16 624 2048 4 8 0 0 15 -1 3 21 -1 -2
208 128 624 192 624 0 8-bit\sbuffer 0 0.8333333333333334 0.8333333333333334 0.8333333333333334 0 0 0 0
w 0 624 128 624 0
w 0 656 128 656 0
w 0 688 128 688 0
w 0 720 128 720 0
w 0 752 128 752 0
w 0 784 128 784 0
w 0 816 128 816 0
w 0 848 128 848 0
x -359 542 -306 545 4 24 RAM
I 0 880 128 880 0 0.5 5
207 -208 624 -176 624 4 D0
207 -208 656 -176 656 4 D1
207 -208 688 -176 688 4 D2
207 -208 720 -176 720 4 D3
207 -208 752 -176 752 4 D4
207 -208 784 -176 784 4 D5
207 -208 816 -176 816 4 D6
207 -208 848 -176 848 4 D7
207 0 624 0 640 4 D0
207 0 656 0 672 4 D1
207 0 688 0 704 4 D2
207 0 720 0 736 4 D3
207 0 752 0 768 4 D4
207 0 784 0 800 4 D5
207 0 816 0 832 4 D6
207 0 848 0 864 4 D7
! selector 0 A0,A1,A2,A3,B0,B1,B2,B3,S C0,C1,C2,C3 selector ABCDEFGH1\qABCD\nABCDEFGH0\qEFGH\n
208 -32 272 -16 272 0 selector 5 5 0 0
207 400 512 368 512 4 BUS_7
207 -256 368 -288 368 4 BUS_3
207 -256 336 -288 336 4 BUS_2
207 -256 304 -288 304 4 BUS_1
207 -256 272 -288 272 4 BUS_0
! 4-bit\sregister 0 A0,A1,A2,A3,Ld,Clk,Clr B0,B1,B2,B3 4-bit\sregister ABCD1\p0\s?\qABCD\n????0?0\sMNOP\qMNOP\n??????1\q0000\n
208 -256 272 -176 272 0 4-bit\sregister 0 0 0 0
w -160 272 -32 272 0
w -160 304 -32 304 0
w -160 336 -32 336 0
w -160 368 -32 368 0
L -32 496 -64 496 2 0 false 5 0
207 -96 624 -128 624 4 A0
207 -96 656 -128 656 4 A1
207 -96 688 -128 688 4 A2
207 -96 720 -128 720 4 A3
207 64 272 96 272 4 A0
207 64 304 96 304 4 A1
207 64 336 96 336 4 A2
207 64 368 96 368 4 A3
L -32 400 -64 400 2 1 false 5 0
L -32 432 -64 432 2 1 false 5 0
L -32 464 -64 464 2 0 false 5 0
x -363 201 -310 204 4 24 MAR
x -123 408 -83 411 4 24 DIP
207 -96 528 -144 528 4 PROG
207 -224 192 -256 192 4 PROG
L -224 192 -192 192 0 1 false 5 0
207 224 624 256 624 4 BUS_0
207 224 656 256 656 4 BUS_1
207 224 688 256 688 4 BUS_2
207 224 720 256 720 4 BUS_3
207 224 752 256 752 4 BUS_4
207 224 784 256 784 4 BUS_5
207 224 816 256 816 4 BUS_6
207 224 848 256 848 4 BUS_7
207 -304 848 -336 848 4 BUS_7
207 -304 816 -336 816 4 BUS_6
207 -304 784 -336 784 4 BUS_5
207 -304 752 -336 752 4 BUS_4
207 -304 720 -336 720 4 BUS_3
207 -304 688 -336 688 4 BUS_2
207 -304 656 -336 656 4 BUS_1
207 -304 624 -336 624 4 BUS_0
151 -304 944 -192 944 0 2 5 5
w -96 944 -96 880 0
w -192 944 -96 944 0
207 496 544 496 560 4 AO
207 480 992 480 1008 4 BO
207 400 544 368 544 4 AI
207 384 992 352 992 4 BI
207 736 608 752 608 4 SU
207 1136 768 1136 784 4 EO
207 400 608 368 608 4 CLR
207 384 1056 352 1056 4 CLR
207 -256 464 -288 464 4 CLR
x -362 41 -302 44 4 24 Clock
R -304 96 -352 96 1 2 100 2.5 2.5 0 0.5
207 -240 80 -192 80 4 CLK
207 400 576 368 576 4 CLK
207 384 1024 352 1024 4 CLK
207 -304 960 -336 960 4 CLK
207 -256 432 -288 432 4 CLK
S -240 80 -304 80 0 0 false 0 2
L -304 64 -352 64 0 0 true 5 0
x -73 32 -32 35 4 24 Bus
207 528 208 496 208 4 AI
207 528 240 496 240 4 AO
207 528 656 496 656 4 BI
207 528 688 496 688 4 BO
207 864 240 832 240 4 SU
207 864 272 832 272 4 EO
L 528 208 560 208 0 0 false 5 0
L 528 240 560 240 0 0 false 5 0
L 528 656 560 656 0 0 false 5 0
L 528 688 560 688 0 0 false 5 0
L 864 240 896 240 0 0 false 5 0
L 864 272 896 272 0 0 false 5 0
208 -32 96 32 96 5120 8-bit\sbuffer 0 0.8333333333333334 0.8333333333333334 0.8333333333333334 0 0 0 0
L 0 64 0 32 0 0 false 5 0
207 -304 400 -336 400 4 /MI
207 -224 224 -256 224 4 /MI
L -224 224 -192 224 0 1 false 5 0
207 -240 528 -272 528 4 RI
207 -240 560 -272 560 4 /RO
207 0 880 0 912 4 /RO
I -96 528 -32 528 0 0.5 5
L -240 528 -208 528 0 0 false 5 0
L -240 560 -208 560 0 1 false 5 0
207 -304 880 -336 880 4 RI
208 -304 624 -240 624 0 8-bit\sbuffer 2.5 0 2.5 0 2.5 0 0 0
w -304 880 -304 928 0
I -304 400 -256 400 0 0.5 5
207 -320 128 -352 128 4 HLT
421 608 -32 624 -32 2048 4 5 5 5 0 0
w 608 -64 608 -32 0
w 608 -64 704 -64 0
w 704 -32 704 -64 0
x 349 21 527 24 4 24 Program\scounter
207 384 48 352 48 4 CE
L 384 48 416 48 0 0 false 5 0
207 608 -32 576 -32 4 CE
! 4-bit\sbuffer 0 A0,A1,A2,A3,En B0,B1,B2,B3 4-bit\sbuffer ABCD1\qABCD\n????0\q____\n
208 752 32 816 32 0 4-bit\sbuffer 0 0.8333333333333334 0.8333333333333334 0.8333333333333334
w 704 128 752 128 0
w 704 32 752 32 0
w 704 64 752 64 0
w 704 96 752 96 0
207 608 160 576 160 4 CLK
207 848 32 880 32 4 BUS_0
207 848 64 880 64 4 BUS_1
207 848 96 880 96 4 BUS_2
207 848 128 880 128 4 BUS_3
207 384 80 352 80 4 /CO
207 704 192 672 192 4 /CO
I 704 192 752 192 0 0.5 5
L 384 80 416 80 0 1 false 5 0
L 608 0 576 0 0 1 false 5 0
L 384 112 416 112 0 1 false 5 0
207 384 112 352 112 4 /J
207 704 0 736 0 4 /J
207 608 128 576 128 4 BUS_3
207 608 96 576 96 4 BUS_2
207 608 64 576 64 4 BUS_1
207 608 32 576 32 4 BUS_0
w 752 160 752 192 0
