$ 1 0.000049999999999999996 45.7144713268909 53 5 50 5e-11
! 8-bit\sregister 0 A0,A1,A2,A3,A4,A5,A6,A7,Ld,Clk,Clr B0,B1,B2,B3,B4,B5,B6,B7 8-bit\sregister ABCDEFGH1\p0\s?\qABCDEFGH\n????????0?0\sMNOPQRST\qMNOPQRST\n??????????1\q00000000\n
208 400 288 480 288 0 8-bit\sregister 0 0 0 0 0 0 0 0
! 8-bit\sbuffer 0 A0,A1,A2,A3,A4,A5,A6,A7,En B0,B1,B2,B3,B4,B5,B6,B7 8-bit\sbuffer ABCDEFGH1\qABCDEFGH\n????????0\q________\n
208 496 288 560 288 0 8-bit\sbuffer 0.8333333333333334 0 0 0.8333333333333334 0 0 0 0
x 350 223 452 226 4 24 A\sregister
207 32 96 32 144 4 BUS_7
207 64 96 64 128 4 BUS_6
207 96 96 96 144 4 BUS_5
207 128 96 128 128 4 BUS_4
207 256 96 256 128 4 BUS_0
207 224 96 224 144 4 BUS_1
207 192 96 192 128 4 BUS_2
207 160 96 160 144 4 BUS_3
207 400 288 368 288 4 BUS_0
207 400 320 368 320 4 BUS_1
207 400 352 368 352 4 BUS_2
207 400 384 368 384 4 BUS_3
207 400 416 368 416 4 BUS_4
207 400 448 368 448 4 BUS_5
207 400 480 368 480 4 BUS_6
207 592 288 624 288 4 BUS_0
207 592 320 624 320 4 BUS_1
207 592 352 624 352 4 BUS_2
207 592 384 624 384 4 BUS_3
207 592 416 624 416 4 BUS_4
207 592 448 624 448 4 BUS_5
207 592 480 624 480 4 BUS_6
207 592 512 624 512 4 BUS_7
L 128 0 128 -32 2 1 false 5 0
L 96 0 96 -32 2 0 false 5 0
L 64 0 64 -32 2 0 false 5 0
L 160 0 160 -32 2 0 false 5 0
L 192 0 192 -32 2 1 false 5 0
x 340 671 442 674 4 24 B\sregister
207 576 960 608 960 4 BUS_7
207 576 928 608 928 4 BUS_6
207 576 896 608 896 4 BUS_5
207 576 864 608 864 4 BUS_4
207 576 832 608 832 4 BUS_3
207 576 800 608 800 4 BUS_2
207 576 768 608 768 4 BUS_1
207 576 736 608 736 4 BUS_0
207 384 960 352 960 4 BUS_7
207 384 928 352 928 4 BUS_6
207 384 896 352 896 4 BUS_5
207 384 864 352 864 4 BUS_4
207 384 832 352 832 4 BUS_3
207 384 800 352 800 4 BUS_2
207 384 768 352 768 4 BUS_1
207 384 736 352 736 4 BUS_0
208 480 736 544 736 0 8-bit\sbuffer 0.8333333333333334 0 0 0.8333333333333334 0 0 0 0
208 384 736 464 736 0 8-bit\sregister 0 0 0 0 0 0 0 0
207 496 288 496 304 4 A_0
207 496 320 496 336 4 A_1
196 1264 16 1312 16 2050 8
207 496 352 496 368 4 A_2
207 496 384 496 400 4 A_3
207 496 416 496 432 4 A_4
207 496 448 496 464 4 A_5
207 496 480 496 496 4 A_6
207 496 512 496 528 4 A_7
207 480 736 480 752 4 B_0
207 480 768 480 784 4 B_1
207 480 800 480 816 4 B_2
207 480 832 480 848 4 B_3
207 480 864 480 880 4 B_4
207 480 896 480 912 4 B_5
207 480 928 480 944 4 B_6
207 480 960 480 976 4 B_7
x 962 -26 1008 -23 4 24 ALU
208 1360 240 1424 240 0 8-bit\sbuffer 0.8333333333333334 0 0 0.8333333333333334 0 0 0 0
207 1264 304 1232 304 4 A_0
207 1264 336 1232 336 4 A_1
207 1264 368 1232 368 4 A_2
207 1264 400 1232 400 4 A_3
207 1264 432 1232 432 4 A_4
207 1264 464 1232 464 4 A_5
207 1264 496 1232 496 4 A_6
207 1264 528 1232 528 4 A_7
154 1168 48 1264 48 0 2 0 5
154 1024 80 1120 80 0 2 0 5
w 1120 80 1264 80 0
w 1024 64 960 64 0
w 1168 32 960 32 0
w 960 32 960 64 0
154 1168 112 1264 112 0 2 0 5
154 1168 176 1264 176 0 2 0 5
154 1168 240 1264 240 0 2 0 5
154 1024 144 1120 144 0 2 0 5
154 1024 208 1120 208 0 2 0 5
154 1024 272 1120 272 0 2 0 5
w 1264 144 1120 144 0
w 1264 208 1120 208 0
w 1264 272 1120 272 0
w 1168 96 1120 96 0
w 1120 96 1120 112 0
w 1120 112 960 112 0
w 1168 160 1120 160 0
w 1120 160 1120 176 0
w 1120 176 960 176 0
w 1168 224 1120 224 0
w 1120 224 1120 240 0
w 1120 240 960 240 0
w 960 64 960 112 0
w 960 112 960 128 0
w 960 176 960 192 0
w 960 128 960 176 0
w 1024 128 960 128 0
w 960 192 960 240 0
w 1024 192 960 192 0
w 960 240 960 256 0
w 1024 256 960 256 0
w 960 256 960 272 0
207 1456 464 1488 464 4 BUS_7
207 1456 432 1488 432 4 BUS_6
207 1456 400 1488 400 4 BUS_5
207 1456 368 1488 368 4 BUS_4
207 1456 336 1488 336 4 BUS_3
207 1456 304 1488 304 4 BUS_2
207 1456 272 1488 272 4 BUS_1
207 1456 240 1488 240 4 BUS_0
207 1168 64 1136 64 4 B_0
207 1168 128 1136 128 4 B_2
207 1168 192 1136 192 4 B_4
207 1168 256 1136 256 4 B_6
207 1024 96 992 96 4 B_1
207 1024 160 992 160 4 B_3
207 1024 224 992 224 4 B_5
207 1024 288 992 288 4 B_7
w 1264 16 960 16 0
w 960 16 960 32 0
L 224 0 224 -32 2 0 false 5 0
L 256 0 256 -32 2 1 false 5 0
L 32 0 32 -32 2 0 false 5 0
413 -96 624 -16 624 2048 4 8 0 0 15 -1 3 21 -1 -2
208 64 624 128 624 0 8-bit\sbuffer 0.8333333333333334 0 0 0.8333333333333334 0 0 0 0
w 0 624 64 624 0
w 0 656 64 656 0
w 0 688 64 688 0
w 0 720 64 720 0
w 0 752 64 752 0
w 0 784 64 784 0
w 0 816 64 816 0
w 0 848 64 848 0
x -359 542 -306 545 4 24 RAM
I 0 880 64 880 0 0.5 5
207 -208 624 -176 624 4 D0
207 -208 656 -176 656 4 D1
207 -208 688 -176 688 4 D2
207 -208 720 -176 720 4 D3
207 -208 752 -176 752 4 D4
207 -208 784 -176 784 4 D5
207 -208 816 -176 816 4 D6
207 -208 848 -176 848 4 D7
207 0 624 0 640 4 D0
207 0 656 0 672 4 D1
207 0 688 0 704 4 D2
207 0 720 0 736 4 D3
207 0 752 0 768 4 D4
207 0 784 0 800 4 D5
207 0 816 0 832 4 D6
207 0 848 0 864 4 D7
! selector 0 A0,A1,A2,A3,B0,B1,B2,B3,S C0,C1,C2,C3 selector ABCDEFGH1\qABCD\nABCDEFGH0\qEFGH\n
208 -32 272 -16 272 0 selector 5 5 0 0
207 400 512 368 512 4 BUS_7
207 -256 368 -288 368 4 BUS_3
207 -256 336 -288 336 4 BUS_2
207 -256 304 -288 304 4 BUS_1
207 -256 272 -288 272 4 BUS_0
! 4-bit\sregister 0 A0,A1,A2,A3,Ld,Clk,Clr B0,B1,B2,B3 4-bit\sregister ABCD1\p0\s?\qABCD\n????0?0\sMNOP\qMNOP\n??????1\q0000\n
208 -256 272 -176 272 0 4-bit\sregister 0 0 0 0
w -160 272 -32 272 0
w -160 304 -32 304 0
w -160 336 -32 336 0
w -160 368 -32 368 0
L -32 496 -64 496 2 0 false 5 0
207 -96 624 -128 624 4 A0
207 -96 656 -128 656 4 A1
207 -96 688 -128 688 4 A2
207 -96 720 -128 720 4 A3
207 64 272 96 272 4 A0
207 64 304 96 304 4 A1
207 64 336 96 336 4 A2
207 64 368 96 368 4 A3
L -32 400 -64 400 2 1 false 5 0
L -32 432 -64 432 2 1 false 5 0
L -32 464 -64 464 2 0 false 5 0
x -363 201 -310 204 4 24 MAR
x -123 408 -83 411 4 24 DIP
207 -96 528 -144 528 4 PROG
207 -224 192 -256 192 4 PROG
L -224 192 -192 192 0 1 false 5 0
207 160 624 192 624 4 BUS_0
207 160 656 192 656 4 BUS_1
207 160 688 192 688 4 BUS_2
207 160 720 192 720 4 BUS_3
207 160 752 192 752 4 BUS_4
207 160 784 192 784 4 BUS_5
207 160 816 192 816 4 BUS_6
207 160 848 192 848 4 BUS_7
207 -304 848 -336 848 4 BUS_7
207 -304 816 -336 816 4 BUS_6
207 -304 784 -336 784 4 BUS_5
207 -304 752 -336 752 4 BUS_4
207 -304 720 -336 720 4 BUS_3
207 -304 688 -336 688 4 BUS_2
207 -304 656 -336 656 4 BUS_1
207 -304 624 -336 624 4 BUS_0
151 -304 944 -192 944 0 2 5 5
w -96 944 -96 880 0
w -192 944 -96 944 0
207 352 544 320 544 4 /AI
207 336 992 304 992 4 /BI
207 960 272 976 272 4 SU
207 400 608 368 608 4 CLR
207 384 1056 352 1056 4 CLR
207 -256 464 -288 464 4 CLR
x -362 -23 -302 -20 4 24 Clock
R -304 32 -352 32 1 2 100 2.5 2.5 0 0.5
207 -112 32 -64 32 4 CLK
207 400 576 368 576 4 CLK
207 384 1024 352 1024 4 CLK
207 -304 960 -336 960 4 CLK
207 -256 432 -288 432 4 CLK
S -240 16 -304 16 0 0 false 0 2
L -304 0 -352 0 0 0 true 5 0
x -71 -22 -30 -19 4 24 Bus
207 528 208 496 208 4 /AI
207 528 240 496 240 4 /AO
207 528 656 496 656 4 /BI
207 528 688 496 688 4 /BO
207 1088 -32 1056 -32 4 SU
207 1088 0 1056 0 4 /EO
L 528 208 560 208 0 1 false 5 0
L 528 240 560 240 0 1 false 5 0
L 528 656 560 656 0 1 false 5 0
L 528 688 560 688 0 1 false 5 0
L 1088 -32 1120 -32 0 0 false 5 0
L 1088 0 1120 0 0 1 false 5 0
208 -32 32 32 32 5120 8-bit\sbuffer 0.8333333333333334 0 0 0.8333333333333334 0 0 0 0
L 0 0 0 -32 0 0 false 5 0
207 -304 400 -336 400 4 /MI
207 -224 224 -256 224 4 /MI
L -224 224 -192 224 0 1 false 5 0
207 -240 528 -272 528 4 RI
207 -240 560 -272 560 4 /RO
207 0 880 0 912 4 /RO
I -96 528 -32 528 0 0.5 5
L -240 528 -208 528 0 0 false 5 0
L -240 560 -208 560 0 1 false 5 0
207 -304 880 -336 880 4 RI
208 -304 624 -240 624 0 8-bit\sbuffer 2.5 0 2.5 0 2.5 0 0 0
w -304 880 -304 928 0
I -304 400 -256 400 0 0.5 5
207 -208 48 -240 48 4 HLT
421 608 -32 624 -32 2048 4 5 0 0 5 0
w 608 -64 608 -32 0
w 608 -64 704 -64 0
w 704 -32 704 -64 0
x 349 -27 527 -24 4 24 Program\scounter
207 384 0 352 0 4 CE
L 384 0 416 0 0 0 false 5 0
207 608 -32 576 -32 4 CE
! 4-bit\sbuffer 0 A0,A1,A2,A3,En B0,B1,B2,B3 4-bit\sbuffer ABCD1\qABCD\n????0\q____\n
208 752 32 816 32 0 4-bit\sbuffer 0.8333333333333334 0 0 0.8333333333333334
w 704 128 752 128 0
w 704 32 752 32 0
w 704 64 752 64 0
w 704 96 752 96 0
207 608 160 576 160 4 CLK
207 848 32 880 32 4 BUS_0
207 848 64 880 64 4 BUS_1
207 848 96 880 96 4 BUS_2
207 848 128 880 128 4 BUS_3
207 384 32 352 32 4 /CO
L 384 32 416 32 0 1 false 5 0
L 608 0 576 0 0 1 false 5 0
L 384 64 416 64 0 1 false 5 0
207 384 64 352 64 4 /J
207 704 0 736 0 4 /J
207 608 128 576 128 4 BUS_3
207 608 96 576 96 4 BUS_2
207 608 64 576 64 4 BUS_1
207 608 32 576 32 4 BUS_0
I 1200 -32 1280 -32 0 0.5 5
207 1360 496 1360 512 4 EO
207 1280 -32 1312 -32 4 EO
207 1200 -32 1168 -32 4 /EO
I 352 544 400 544 0 0.5 5
I 336 992 384 992 0 0.5 5
I 560 608 496 608 0 0.5 5
I 544 1056 480 1056 0 0.5 5
w 480 992 480 1056 0
w 496 544 496 608 0
207 560 608 592 608 4 /AO
207 544 1056 576 1056 4 /BO
207 816 -32 784 -32 4 /CO
207 880 -32 912 -32 4 CO
I 816 -32 880 -32 0 0.5 5
207 752 160 720 160 4 CO
150 -176 32 -112 32 0 2 0 5
207 -320 64 -352 64 4 HLT
L -320 64 -288 64 0 0 false 5 0
I -208 48 -176 48 0 0.5 5
w -240 16 -176 16 0
x 726 669 798 672 4 24 Output
L 880 656 912 656 0 1 false 5 0
207 880 656 848 656 4 /OI
I 736 992 784 992 0 0.5 5
207 784 1024 752 1024 4 CLK
207 784 1056 752 1056 4 CLR
207 736 992 704 992 4 /OI
208 784 736 864 736 0 8-bit\sregister 5 5 5 0 0 0 0 0
207 784 736 752 736 4 BUS_0
207 784 768 752 768 4 BUS_1
207 784 800 752 800 4 BUS_2
207 784 832 752 832 4 BUS_3
207 784 864 752 864 4 BUS_4
207 784 896 752 896 4 BUS_5
207 784 928 752 928 4 BUS_6
207 784 960 752 960 4 BUS_7
419 880 736 896 736 2048 8
