$ 1 0.00009999999999999999 45.7144713268909 53 5 50 5e-11
! 8-bit\sregister 0 A0,A1,A2,A3,A4,A5,A6,A7,Ld,Clk,Clr B0,B1,B2,B3,B4,B5,B6,B7 8-bit\sregister ABCDEFGH1\p0\s?\qABCDEFGH\n????????0?0\sMNOPQRST\qMNOPQRST\n??????????1\q00000000\n
208 400 288 480 288 0 8-bit\sregister 0 5 0 5 0 5 0 0
! 8-bit\sbuffer 0 A0,A1,A2,A3,A4,A5,A6,A7,En B0,B1,B2,B3,B4,B5,B6,B7 8-bit\sbuffer ABCDEFGH1\qABCDEFGH\n????????0\q________\n
208 496 288 560 288 0 8-bit\sbuffer 0.7142857142857143 2.1428571428571432 0.7142857142857143 2.1428571428571432 0.8333333333333334 3.3333333333333335 0.8333333333333334 0.8333333333333334
x 350 223 452 226 4 24 A\sregister
207 32 96 32 144 4 BUS_7
207 64 96 64 128 4 BUS_6
207 96 96 96 144 4 BUS_5
207 128 96 128 128 4 BUS_4
207 256 96 256 128 4 BUS_0
207 224 96 224 144 4 BUS_1
207 192 96 192 128 4 BUS_2
207 160 96 160 144 4 BUS_3
207 400 288 368 288 4 BUS_0
207 400 320 368 320 4 BUS_1
207 400 352 368 352 4 BUS_2
207 400 384 368 384 4 BUS_3
207 400 416 368 416 4 BUS_4
207 400 448 368 448 4 BUS_5
207 400 480 368 480 4 BUS_6
207 592 288 624 288 4 BUS_0
207 592 320 624 320 4 BUS_1
207 592 352 624 352 4 BUS_2
207 592 384 624 384 4 BUS_3
207 592 416 624 416 4 BUS_4
207 592 448 624 448 4 BUS_5
207 592 480 624 480 4 BUS_6
207 592 512 624 512 4 BUS_7
L 128 0 128 -32 2 1 false 5 0
L 96 0 96 -32 2 0 false 5 0
L 64 0 64 -32 2 0 false 5 0
L 160 0 160 -32 2 0 false 5 0
L 192 0 192 -32 2 1 false 5 0
x 340 671 442 674 4 24 B\sregister
207 576 960 608 960 4 BUS_7
207 576 928 608 928 4 BUS_6
207 576 896 608 896 4 BUS_5
207 576 864 608 864 4 BUS_4
207 576 832 608 832 4 BUS_3
207 576 800 608 800 4 BUS_2
207 576 768 608 768 4 BUS_1
207 576 736 608 736 4 BUS_0
207 384 960 352 960 4 BUS_7
207 384 928 352 928 4 BUS_6
207 384 896 352 896 4 BUS_5
207 384 864 352 864 4 BUS_4
207 384 832 352 832 4 BUS_3
207 384 800 352 800 4 BUS_2
207 384 768 352 768 4 BUS_1
207 384 736 352 736 4 BUS_0
208 480 736 544 736 0 8-bit\sbuffer 0.7142857142857143 2.1428571428571432 0.7142857142857143 2.1428571428571432 0.8333333333333334 3.3333333333333335 0.8333333333333334 0.8333333333333334
208 384 736 464 736 0 8-bit\sregister 0 5 5 5 0 0 0 0
207 496 288 496 304 4 A_0
207 496 320 496 336 4 A_1
196 1264 16 1312 16 2050 8
207 496 352 496 368 4 A_2
207 496 384 496 400 4 A_3
207 496 416 496 432 4 A_4
207 496 448 496 464 4 A_5
207 496 480 496 496 4 A_6
207 496 512 496 528 4 A_7
207 480 736 480 752 4 B_0
207 480 768 480 784 4 B_1
207 480 800 480 816 4 B_2
207 480 832 480 848 4 B_3
207 480 864 480 880 4 B_4
207 480 896 480 912 4 B_5
207 480 928 480 944 4 B_6
207 480 960 480 976 4 B_7
x 962 -26 1008 -23 4 24 ALU
208 1360 240 1424 240 0 8-bit\sbuffer 0.7142857142857143 2.1428571428571432 0.7142857142857143 2.1428571428571432 0.8333333333333334 3.3333333333333335 0.8333333333333334 0.8333333333333334
207 1264 304 1232 304 4 A_0
207 1264 336 1232 336 4 A_1
207 1264 368 1232 368 4 A_2
207 1264 400 1232 400 4 A_3
207 1264 432 1232 432 4 A_4
207 1264 464 1232 464 4 A_5
207 1264 496 1232 496 4 A_6
207 1264 528 1232 528 4 A_7
154 1200 48 1264 48 0 2 0 5
154 1088 80 1184 80 0 2 5 5
w 1184 80 1264 80 0
w 1088 64 1040 64 0
w 1200 32 1040 32 0
w 1040 32 1040 64 0
154 1200 112 1264 112 0 2 5 5
154 1200 176 1264 176 0 2 0 5
154 1200 240 1264 240 0 2 0 5
154 1088 144 1184 144 0 2 5 5
154 1088 208 1184 208 0 2 0 5
154 1088 272 1184 272 0 2 0 5
w 1264 144 1184 144 0
w 1264 208 1184 208 0
w 1264 272 1184 272 0
w 1200 96 1184 96 0
w 1184 96 1184 112 0
w 1184 112 1040 112 0
w 1200 160 1184 160 0
w 1184 160 1184 176 0
w 1184 176 1040 176 0
w 1200 224 1184 224 0
w 1184 224 1184 240 0
w 1184 240 1040 240 0
w 1040 64 1040 112 0
w 1040 112 1040 128 0
w 1040 176 1040 192 0
w 1040 128 1040 176 0
w 1088 128 1040 128 0
w 1040 192 1040 240 0
w 1088 192 1040 192 0
w 1040 240 1040 256 0
w 1088 256 1040 256 0
w 1040 256 1040 272 0
207 1456 464 1488 464 4 BUS_7
207 1456 432 1488 432 4 BUS_6
207 1456 400 1488 400 4 BUS_5
207 1456 368 1488 368 4 BUS_4
207 1456 336 1488 336 4 BUS_3
207 1456 304 1488 304 4 BUS_2
207 1456 272 1488 272 4 BUS_1
207 1456 240 1488 240 4 BUS_0
207 1200 64 1168 64 4 B_0
207 1200 128 1168 128 4 B_2
207 1200 192 1168 192 4 B_4
207 1200 256 1168 256 4 B_6
207 1088 96 1056 96 4 B_1
207 1088 160 1056 160 4 B_3
207 1088 224 1056 224 4 B_5
207 1088 288 1056 288 4 B_7
w 1264 16 1040 16 0
w 1040 16 1040 32 0
L 224 0 224 -32 2 0 false 5 0
L 256 0 256 -32 2 1 false 5 0
L 32 0 32 -32 2 0 false 5 0
413 -400 656 -320 656 2048 4 8 0 30 47 224 -1 14 28 14 -1 -2
208 -240 656 -176 656 0 8-bit\sbuffer 0.7142857142857143 2.1428571428571432 0.7142857142857143 2.1428571428571432 0.8333333333333334 3.3333333333333335 0.8333333333333334 0.8333333333333334
w -304 656 -240 656 0
w -304 688 -240 688 0
w -304 720 -240 720 0
w -304 752 -240 752 0
w -304 784 -240 784 0
w -304 816 -240 816 0
w -304 848 -240 848 0
w -304 880 -240 880 0
x -663 574 -610 577 4 24 RAM
207 -512 656 -480 656 4 D0
207 -512 688 -480 688 4 D1
207 -512 720 -480 720 4 D2
207 -512 752 -480 752 4 D3
207 -512 784 -480 784 4 D4
207 -512 816 -480 816 4 D5
207 -512 848 -480 848 4 D6
207 -512 880 -480 880 4 D7
207 -304 656 -304 672 4 D0
207 -304 688 -304 704 4 D1
207 -304 720 -304 736 4 D2
207 -304 752 -304 768 4 D3
207 -304 784 -304 800 4 D4
207 -304 816 -304 832 4 D5
207 -304 848 -304 864 4 D6
207 -304 880 -304 896 4 D7
! selector 0 A0,A1,A2,A3,B0,B1,B2,B3,S C0,C1,C2,C3 selector ABCDEFGH1\qABCD\nABCDEFGH0\qEFGH\n
208 -368 304 -352 304 0 selector 0 5 0 0
207 400 512 368 512 4 BUS_7
207 -560 400 -592 400 4 BUS_3
207 -560 368 -592 368 4 BUS_2
207 -560 336 -592 336 4 BUS_1
207 -560 304 -592 304 4 BUS_0
! 4-bit\sregister 0 A0,A1,A2,A3,Ld,Clk,Clr B0,B1,B2,B3 4-bit\sregister ABCD1\p0\s?\qABCD\n????0?0\sMNOP\qMNOP\n??????1\q0000\n
208 -560 304 -480 304 0 4-bit\sregister 0 5 0 0
w -464 304 -368 304 0
w -464 336 -368 336 0
w -464 368 -368 368 0
w -464 400 -368 400 0
L -368 528 -400 528 2 0 false 5 0
207 -400 656 -432 656 4 A0
207 -400 688 -432 688 4 A1
207 -400 720 -432 720 4 A2
207 -400 752 -432 752 4 A3
207 -272 304 -240 304 4 A0
207 -272 336 -240 336 4 A1
207 -272 368 -240 368 4 A2
207 -272 400 -240 400 4 A3
L -368 432 -400 432 2 1 false 5 0
L -368 464 -400 464 2 1 false 5 0
L -368 496 -400 496 2 0 false 5 0
x -667 233 -614 236 4 24 MAR
x -457 440 -417 443 4 24 DIP
207 -416 560 -448 560 4 PROG
207 -528 224 -560 224 4 PROG
L -528 224 -496 224 0 0 false 5 0
207 -144 656 -112 656 4 BUS_0
207 -144 688 -112 688 4 BUS_1
207 -144 720 -112 720 4 BUS_2
207 -144 752 -112 752 4 BUS_3
207 -144 784 -112 784 4 BUS_4
207 -144 816 -112 816 4 BUS_5
207 -144 848 -112 848 4 BUS_6
207 -144 880 -112 880 4 BUS_7
207 -608 880 -640 880 4 BUS_7
207 -608 848 -640 848 4 BUS_6
207 -608 816 -640 816 4 BUS_5
207 -608 784 -640 784 4 BUS_4
207 -608 752 -640 752 4 BUS_3
207 -608 720 -640 720 4 BUS_2
207 -608 688 -640 688 4 BUS_1
207 -608 656 -640 656 4 BUS_0
151 -464 912 -400 912 0 2 5 5
207 400 544 368 544 4 AI
207 384 992 352 992 4 BI
207 1040 272 1056 272 4 SU
207 400 608 368 608 4 CLR
207 384 1056 352 1056 4 CLR
207 -560 496 -592 496 4 CLR
x -474 -23 -414 -20 4 24 Clock
R -416 32 -464 32 1 2 100 2.5 2.5 0 0.5
207 -224 32 -144 32 4 CLK
207 400 576 368 576 4 CLK
207 384 1024 352 1024 4 CLK
207 -464 928 -496 928 4 CLK
207 -560 464 -592 464 4 CLK
S -352 16 -416 16 0 1 false 0 2
L -416 0 -464 0 0 0 true 5 0
x -71 -22 -30 -19 4 24 Bus
207 528 208 496 208 4 AI
207 528 240 496 240 4 AO
207 528 656 496 656 4 BI
207 528 688 496 688 4 BO
207 1088 -32 1056 -32 4 SU
207 1088 0 1056 0 4 EO
L 544 208 576 208 0 0 false 5 0
L 544 240 576 240 0 0 false 5 0
L 544 656 576 656 0 0 false 5 0
L 544 688 576 688 0 0 false 5 0
L 1104 -32 1136 -32 0 0 false 5 0
L 1104 0 1136 0 0 0 false 5 0
208 -32 32 32 32 5120 8-bit\sbuffer 0.7142857142857143 2.1428571428571432 0.7142857142857143 2.1428571428571432 0.8333333333333334 3.3333333333333335 0.8333333333333334 0.8333333333333334
L 0 0 0 -32 0 0 false 5 0
207 -560 432 -592 432 4 MI
207 -528 256 -560 256 4 MI
L -512 256 -480 256 0 0 false 5 0
207 -544 560 -576 560 4 RI
207 -544 592 -576 592 4 RO
207 -240 912 -240 944 4 RO
I -416 560 -368 560 0 0.5 5
L -528 560 -496 560 0 0 false 5 0
L -528 592 -496 592 0 0 false 5 0
207 -608 912 -640 912 4 RI
208 -608 656 -544 656 0 8-bit\sbuffer 0 0 0 0 0 2.5 2.5 2.5
w -608 912 -608 944 0
207 -320 48 -352 48 4 HLT
421 608 -32 624 -32 2048 4 0 0 5 5 0
w 608 -64 608 -32 0
w 608 -64 704 -64 0
w 704 -32 704 -64 0
x 349 -27 527 -24 4 24 Program\scounter
207 384 0 352 0 4 CE
L 400 0 432 0 0 0 false 5 0
207 608 -32 576 -32 4 CE
! 4-bit\sbuffer 0 A0,A1,A2,A3,En B0,B1,B2,B3 4-bit\sbuffer ABCD1\qABCD\n????0\q____\n
208 752 32 816 32 0 4-bit\sbuffer 0.7142857142857143 2.1428571428571432 0.7142857142857143 2.1428571428571432
w 704 128 752 128 0
w 704 32 752 32 0
w 704 64 752 64 0
w 704 96 752 96 0
207 608 160 576 160 4 CLK
207 848 32 880 32 4 BUS_0
207 848 64 880 64 4 BUS_1
207 848 96 880 96 4 BUS_2
207 848 128 880 128 4 BUS_3
207 384 32 352 32 4 CO
L 400 32 432 32 0 0 false 5 0
L 400 64 432 64 0 0 false 5 0
207 384 64 352 64 4 J
207 736 0 768 0 4 J
207 608 128 576 128 4 BUS_3
207 608 96 576 96 4 BUS_2
207 608 64 576 64 4 BUS_1
207 608 32 576 32 4 BUS_0
207 1360 496 1360 512 4 EO
w 480 992 480 1056 0
w 496 544 496 608 0
207 496 608 528 608 4 AO
207 480 1056 512 1056 4 BO
207 752 160 720 160 4 CO
150 -288 32 -224 32 0 2 0 5
207 -432 64 -464 64 4 HLT
L -416 64 -384 64 0 0 false 5 0
I -320 48 -288 48 0 0.5 5
w -352 16 -288 16 0
x 726 669 798 672 4 24 Output
L 896 656 928 656 0 0 false 5 0
207 880 656 848 656 4 OI
207 784 1024 752 1024 4 CLK
207 784 1056 752 1056 4 CLR
207 784 992 752 992 4 OI
208 784 736 864 736 0 8-bit\sregister 0 5 0 5 0 5 0 0
207 784 736 752 736 4 BUS_0
207 784 768 752 768 4 BUS_1
207 784 800 752 800 4 BUS_2
207 784 832 752 832 4 BUS_3
207 784 864 752 864 4 BUS_4
207 784 896 752 896 4 BUS_5
207 784 928 752 928 4 BUS_6
207 784 960 752 960 4 BUS_7
419 880 736 896 736 2048 8
207 112 1056 144 1056 4 IO
w 112 992 112 1056 0
L 240 688 272 688 0 0 false 5 0
L 240 656 272 656 0 0 false 5 0
207 224 688 192 688 4 IO
207 224 656 192 656 4 II
207 16 1024 -16 1024 4 CLK
207 16 1056 -16 1056 4 CLR
207 16 992 -16 992 4 II
207 112 960 112 976 4 I_7
207 112 928 112 944 4 I_6
207 112 896 112 912 4 I_5
207 112 864 112 880 4 I_4
208 16 736 96 736 0 8-bit\sregister 0 0 0 0 0 5 5 5
208 112 736 176 736 0 8-bit\sbuffer 0.7142857142857143 2.1428571428571432 0.7142857142857143 2.1428571428571432 0.8333333333333334 3.3333333333333335 0.8333333333333334 0.8333333333333334
207 16 736 -16 736 4 BUS_0
207 16 768 -16 768 4 BUS_1
207 16 800 -16 800 4 BUS_2
207 16 832 -16 832 4 BUS_3
207 16 864 -16 864 4 BUS_4
207 16 896 -16 896 4 BUS_5
207 16 928 -16 928 4 BUS_6
207 16 960 -16 960 4 BUS_7
207 208 736 240 736 4 BUS_0
207 208 768 240 768 4 BUS_1
207 208 800 240 800 4 BUS_2
207 208 832 240 832 4 BUS_3
207 208 864 240 864 4 BUS_4
207 208 896 240 896 4 BUS_5
207 208 928 240 928 4 BUS_6
207 208 960 240 960 4 BUS_7
x -36 671 161 674 4 24 Instruction\sregister
I 736 0 704 0 0 0.5 5
I -240 912 -304 912 0 0.5 5
207 -432 96 -464 96 4 CLR
L -432 96 -400 96 0 0 true 5 0
I 560 0 608 0 0 0.5 5
207 560 0 528 0 4 CLR
x -200 194 -67 197 4 24 Control\slogic
164 -224 544 -208 544 7168 4 0 0 5 5 false 0
207 -96 608 -128 608 4 /CLK
I -224 -16 -176 -16 0 0.5 5
w -224 32 -224 -16 0
207 -176 -16 -144 -16 4 /CLK
185 -224 224 -192 224 0 3
L -224 224 -240 224 0 1 false 5 0
x -668 -59 -362 -56 4 48 8-bit\scomputer
w -64 384 -48 384 0
w -48 624 -192 624 0
w -192 624 -192 608 0
413 0 224 48 224 2048 10 8 0 64 20 -1 8 64 20 72 18 0 -1 16 64 20 72 16 2 -1 24 64 20 -1 32 64 20 -1 40 64 20 -1 48 64 20 -1 56 64 20 -1 64 64 20 -1 72 64 20 -1 80 64 20 -1 88 64 20 -1 96 64 20 -1 104 64 20 -1 112 64 20 1 0 0 -1 120 64 20 -1 -2
L 0 544 0 560 0 1 false 5 0
L 96 544 96 560 0 0 false 5 0
w -608 944 -512 944 0
w -512 944 -512 896 0
w -512 896 -464 896 0
L 0 448 -16 448 2 0 false 5 0
207 0 320 -32 320 4 I_4
207 0 352 -32 352 4 I_5
207 0 384 -32 384 4 I_6
207 0 416 -32 416 4 I_7
207 192 416 160 416 4 I_7
207 192 384 160 384 4 I_6
207 192 352 160 352 4 I_5
207 192 320 160 320 4 I_4
L 192 448 176 448 2 0 false 5 0
L 288 544 288 560 0 0 false 5 0
L 192 544 192 560 0 1 false 5 0
413 192 224 240 224 2048 10 8 0 4 8 -1 8 4 8 0 0 0 -1 16 4 8 0 32 128 -1 24 4 8 -1 32 4 8 -1 40 4 8 -1 48 4 8 -1 56 4 8 -1 64 4 8 -1 72 4 8 -1 80 4 8 -1 88 4 8 -1 96 4 8 -1 104 4 8 -1 112 4 8 16 0 0 -1 120 4 8 -1 -2
207 -160 512 -176 512 4 S1
207 -128 512 -144 512 4 S2
207 -192 512 -208 512 4 S0
207 0 224 -32 224 4 S0
207 0 256 -32 256 4 S1
207 0 288 -32 288 4 S2
207 192 288 160 288 4 S2
207 192 256 160 256 4 S1
207 192 224 160 224 4 S0
207 96 224 128 224 4 AO
207 96 256 128 256 4 AI
207 96 448 128 448 4 HLT
207 96 416 128 416 4 MI
207 96 384 128 384 4 RI
207 96 352 128 352 4 RO
207 96 320 128 320 4 IO
207 96 288 128 288 4 II
207 288 448 320 448 4 EO
207 288 416 320 416 4 SU
207 288 384 320 384 4 BI
207 288 352 320 352 4 OI
207 288 320 320 320 4 CE
207 288 288 320 288 4 CO
207 288 256 320 256 4 J
152 -48 528 -48 592 0 2 0 5
w -48 592 -48 624 0
w -48 384 -48 464 0
w -48 464 -64 464 0
w -64 464 -64 528 0
207 -32 528 -32 496 4 CLR
