$ 1 0.00019999999999999998 173.42552219524063 53 5 50 5e-11
x 766 191 868 194 4 24 A\sregister
207 224 64 224 112 4 BUS_7
207 256 64 256 96 4 BUS_6
207 288 64 288 112 4 BUS_5
207 320 64 320 96 4 BUS_4
207 448 64 448 96 4 BUS_0
207 416 64 416 112 4 BUS_1
207 384 64 384 96 4 BUS_2
207 352 64 352 112 4 BUS_3
L 320 -32 320 -64 2 0 false 5 0
L 288 -32 288 -64 2 0 false 5 0
L 256 -32 256 -64 2 0 false 5 0
L 352 -32 352 -64 2 0 false 5 0
L 384 -32 384 -64 2 0 false 5 0
x 756 623 858 626 4 24 B\sregister
! 8-bit\sbuffer 0 A0,A1,A2,A3,A4,A5,A6,A7,En B0,B1,B2,B3,B4,B5,B6,B7 8-bit\sbuffer ABCDEFGH1\qABCDEFGH\n????????0\q________\n
208 832 896 896 896 5120 8-bit\sbuffer 4.999999999699999e-11 1.9999999998799997e-10 9.999999999399998e-11 1.9999999998799997e-10 0.8333333333333334 1.6666666666666667 0 0
! 8-bit\sregister 0 A0,A1,A2,A3,A4,A5,A6,A7,Ld,Clk,Clr B0,B1,B2,B3,B4,B5,B6,B7 8-bit\sregister ABCDEFGH1\p0\s?\qABCDEFGH\n????????0?0\sMNOPQRST\qMNOPQRST\n??????????1\q00000000\n
208 768 752 848 752 5120 8-bit\sregister 0 0 0 0 0 0 0 0
196 1168 320 1216 320 4098 8
x 1292 65 1338 68 4 24 ALU
208 1200 464 1264 464 5120 8-bit\sbuffer 4.999999999699999e-11 1.9999999998799997e-10 9.999999999399998e-11 1.9999999998799997e-10 0.8333333333333334 1.6666666666666667 0 0
L 416 -32 416 -64 2 0 false 5 0
L 448 -32 448 -64 2 0 false 5 0
L 224 -32 224 -64 2 0 false 5 0
413 -256 480 -176 480 4096 4 8 0 30 47 224 240 -1 14 28 14 -1 -2
x -368 404 -315 407 4 24 RAM
! selector 0 A0,A1,A2,A3,B0,B1,B2,B3,S C0,C1,C2,C3 selector ABCDEFGH1\qABCD\nABCDEFGH0\qEFGH\n
208 -256 320 -240 320 5120 selector 0 0 0 0
! 4-bit\sregister 0 A0,A1,A2,A3,Ld,Clk,Clr B0,B1,B2,B3 4-bit\sregister ABCD1\p0\s?\qABCD\n????0?0\sMNOP\qMNOP\n??????1\q0000\n
208 -192 208 -112 208 5120 4-bit\sregister 0 0 0 0
x -372 153 -194 156 4 24 Memory\saddress
x -237 276 -207 279 4 18 DIP
207 -208 80 -240 80 4 PROG
L -208 80 -176 80 0 0 false 5 0
x -362 -52 -302 -49 4 24 Clock
R -304 16 -352 16 1 2 200 2.5 2.5 0 0.5
207 -112 16 -32 16 4 CLK
S -240 0 -304 0 0 1 false 0 2
L -304 -16 -352 -16 0 0 true 5 0
x 121 -54 162 -51 4 24 Bus
207 944 176 912 176 4 AI
207 944 208 912 208 4 AO
207 944 608 912 608 4 BI
207 944 640 912 640 4 BO
207 1328 96 1296 96 4 SU
207 1328 128 1296 128 4 EO
L 960 176 992 176 0 0 false 5 0
L 960 208 992 208 0 0 false 5 0
L 960 608 992 608 0 0 false 5 0
L 960 640 992 640 0 0 false 5 0
L 1344 96 1376 96 0 0 false 5 0
L 1344 128 1376 128 0 0 false 5 0
208 160 0 224 0 5120 8-bit\sbuffer 4.999999999699999e-11 1.9999999998799997e-10 9.999999999399998e-11 1.9999999998799997e-10 0.8333333333333334 1.6666666666666667 0 0
207 -336 176 -368 176 4 MI
L -320 176 -288 176 0 0 false 5 0
207 -336 432 -368 432 4 RI
207 -336 464 -368 464 4 RO
L -320 432 -288 432 0 0 false 5 0
L -320 464 -288 464 0 0 false 5 0
207 -208 32 -240 32 4 HLT
421 512 80 528 80 4096 4 0 0 0 0 0
x 523 -49 701 -46 4 24 Program\scounter
207 800 -48 768 -48 4 CE
L 816 -48 848 -48 0 0 false 5 0
! 4-bit\sbuffer 0 A0,A1,A2,A3,En B0,B1,B2,B3 4-bit\sbuffer ABCD1\qABCD\n????0\q____\n
208 512 224 576 224 5120 4-bit\sbuffer 4.999999999699999e-11 1.9999999998799997e-10 9.999999999399998e-11 1.9999999998799997e-10
207 800 -16 768 -16 4 CO
L 816 -16 848 -16 0 0 false 5 0
L 816 16 848 16 0 0 false 5 0
207 800 16 768 16 4 J
150 -176 16 -112 16 0 2 0 5
207 -320 48 -352 48 4 HLT
L -304 48 -272 48 0 0 false 5 0
I -208 32 -176 32 0 0.5 5
w -240 0 -176 0 0
x 1174 621 1246 624 4 24 Output
L 1344 608 1376 608 0 0 false 5 0
207 1328 608 1296 608 4 OI
208 1168 752 1248 752 5120 8-bit\sregister 0 0 0 0 0 0 0 0
419 1264 848 1280 848 4096 8
L 400 208 432 208 0 0 false 5 0
L 400 176 432 176 0 0 false 5 0
207 384 208 352 208 4 IO
207 384 176 352 176 4 II
x 124 191 321 194 4 24 Instruction\sregister
207 -320 80 -352 80 4 CLR
L -320 80 -288 80 0 0 true 5 0
I -112 -32 -64 -32 0 0.5 5
w -112 16 -112 -32 0
207 -64 -32 -32 -32 4 /CLK
x 1394 -22 1700 -19 4 48 8-bit\scomputer
413 -320 896 -272 896 4096 10 8 0 64 20 0 0 0 0 0 0 64 20 72 18 0 0 0 0 64 20 72 16 2 0 0 0 64 20 72 16 2 0 0 0 64 20 72 33 0 0 0 0 64 20 10 0 0 0 0 0 64 20 8 0 0 0 0 0 64 20 0 0 0 0 0 0 64 20 0 0 0 0 0 0 64 20 0 0 0 0 0 0 64 20 0 0 0 0 0 0 64 20 0 0 0 0 0 0 64 20 0 0 0 0 0 0 64 20 0 0 0 0 0 0 64 20 1 0 0 0 0 0 64 20 128 0 0 0 0 0 4 8 0 0 0 0 0 0 4 8 0 0 0 0 0 0 4 8 0 32 129 0 0 0 4 8 0 32 193 0 0 0 4 8 0 0 0 0 0 0 4 8 0 0 0 0 0 0 4 8 2 0 0 0 0 0 4 8 0 0 0 0 0 0 4 8 0 0 0 0 0 0 4 8 0 0 0 0 0 0 4 8 0 0 0 0 0 0 4 8 0 0 0 0 0 0 4 8 0 0 0 0 0 0 4 8 0 0 0 0 0 0 4 8 16 0 0 0 0 0 4 8 0 0 0 0 0 0 64 20 0 0 0 0 0 0 64 20 72 18 0 0 0 0 64 20 72 16 2 0 0 0 64 20 72 16 2 0 0 0 64 20 72 33 0 0 0 0 64 20 10 0 0 0 0 0 64 20 8 0 0 0 0 0 64 20 8 0 0 0 0 0 64 20 0 0 0 0 0 0 64 20 0 0 0 0 0 0 64 20 0 0 0 0 0 0 64 20 0 0 0 0 0 0 64 20 0 0 0 0 0 0 64 20 0 0 0 0 0 0 64 20 1 0 0 0 0 0 64 20 128 0 0 0 0 0 4 8 0 0 0 0 0 0 4 8 0 0 0 0 0 0 4 8 0 32 129 0 0 0 4 8 0 32 193 0 0 0 4 8 0 0 0 0 0 0 4 8 0 0 0 0 0 0 4 8 2 0 0 0 0 0 4 8 2 0 0 0 0 0 4 8 0 0 0 0 0 0 4 8 0 0 0 0 0 0 4 8 0 0 0 0 0 0 4 8 0 0 0 0 0 0 4 8 0 0 0 0 0 0 4 8 0 0 0 0 0 0 4 8 16 0 0 0 0 0 4 8 0 0 0 0 0 0 64 20 0 0 0 0 0 0 64 20 72 18 0 0 0 0 64 20 72 16 2 0 0 0 64 20 72 16 2 0 0 0 64 20 72 33 0 0 0 0 64 20 10 0 0 0 0 0 64 20 8 0 0 0 0 0 64 20 0 0 0 0 0 0 64 20 8 0 0 0 0 0 64 20 0 0 0 0 0 0 64 20 0 0 0 0 0 0 64 20 0 0 0 0 0 0 64 20 0 0 0 0 0 0 64 20 0 0 0 0 0 0 64 20 1 0 0 0 0 0 64 20 128 0 0 0 0 0 4 8 0 0 0 0 0 0 4 8 0 0 0 0 0 0 4 8 0 32 129 0 0 0 4 8 0 32 193 0 0 0 4 8 0 0 0 0 0 0 4 8 0 0 0 0 0 0 4 8 2 0 0 0 0 0 4 8 0 0 0 0 0 0 4 8 2 0 0 0 0 0 4 8 0 0 0 0 0 0 4 8 0 0 0 0 0 0 4 8 0 0 0 0 0 0 4 8 0 0 0 0 0 0 4 8 0 0 0 0 0 0 4 8 16 0 0 0 0 0 4 8 0 0 0 0 0 0 64 20 0 0 0 0 0 0 64 20 72 18 0 0 0 0 64 20 72 16 2 0 0 0 64 20 72 16 2 0 0 0 64 20 72 33 0 0 0 0 64 20 10 0 0 0 0 0 64 20 8 0 0 0 0 0 64 20 8 0 0 0 0 0 64 20 8 0 0 0 0 0 64 20 0 0 0 0 0 0 64 20 0 0 0 0 0 0 64 20 0 0 0 0 0 0 64 20 0 0 0 0 0 0 64 20 0 0 0 0 0 0 64 20 1 0 0 0 0 0 64 20 128 0 0 0 0 0 4 8 0 0 0 0 0 0 4 8 0 0 0 0 0 0 4 8 0 32 129 0 0 0 4 8 0 32 193 0 0 0 4 8 0 0 0 0 0 0 4 8 0 0 0 0 0 0 4 8 2 0 0 0 0 0 4 8 2 0 0 0 0 0 4 8 2 0 0 0 0 0 4 8 0 0 0 0 0 0 4 8 0 0 0 0 0 0 4 8 0 0 0 0 0 0 4 8 0 0 0 0 0 0 4 8 0 0 0 0 0 0 4 8 16 0 0 0 0 0 4 8 0 0 0 0 0 0 -1 -2
413 48 896 96 896 4096 10 8 0 64 20 0 0 0 0 0 0 64 20 72 18 0 0 0 0 64 20 72 16 2 0 0 0 64 20 72 16 2 0 0 0 64 20 72 33 0 0 0 0 64 20 10 0 0 0 0 0 64 20 8 0 0 0 0 0 64 20 0 0 0 0 0 0 64 20 0 0 0 0 0 0 64 20 0 0 0 0 0 0 64 20 0 0 0 0 0 0 64 20 0 0 0 0 0 0 64 20 0 0 0 0 0 0 64 20 0 0 0 0 0 0 64 20 1 0 0 0 0 0 64 20 128 0 0 0 0 0 4 8 0 0 0 0 0 0 4 8 0 0 0 0 0 0 4 8 0 32 129 0 0 0 4 8 0 32 193 0 0 0 4 8 0 0 0 0 0 0 4 8 0 0 0 0 0 0 4 8 2 0 0 0 0 0 4 8 0 0 0 0 0 0 4 8 0 0 0 0 0 0 4 8 0 0 0 0 0 0 4 8 0 0 0 0 0 0 4 8 0 0 0 0 0 0 4 8 0 0 0 0 0 0 4 8 0 0 0 0 0 0 4 8 16 0 0 0 0 0 4 8 0 0 0 0 0 0 64 20 0 0 0 0 0 0 64 20 72 18 0 0 0 0 64 20 72 16 2 0 0 0 64 20 72 16 2 0 0 0 64 20 72 33 0 0 0 0 64 20 10 0 0 0 0 0 64 20 8 0 0 0 0 0 64 20 8 0 0 0 0 0 64 20 0 0 0 0 0 0 64 20 0 0 0 0 0 0 64 20 0 0 0 0 0 0 64 20 0 0 0 0 0 0 64 20 0 0 0 0 0 0 64 20 0 0 0 0 0 0 64 20 1 0 0 0 0 0 64 20 128 0 0 0 0 0 4 8 0 0 0 0 0 0 4 8 0 0 0 0 0 0 4 8 0 32 129 0 0 0 4 8 0 32 193 0 0 0 4 8 0 0 0 0 0 0 4 8 0 0 0 0 0 0 4 8 2 0 0 0 0 0 4 8 2 0 0 0 0 0 4 8 0 0 0 0 0 0 4 8 0 0 0 0 0 0 4 8 0 0 0 0 0 0 4 8 0 0 0 0 0 0 4 8 0 0 0 0 0 0 4 8 0 0 0 0 0 0 4 8 16 0 0 0 0 0 4 8 0 0 0 0 0 0 64 20 0 0 0 0 0 0 64 20 72 18 0 0 0 0 64 20 72 16 2 0 0 0 64 20 72 16 2 0 0 0 64 20 72 33 0 0 0 0 64 20 10 0 0 0 0 0 64 20 8 0 0 0 0 0 64 20 0 0 0 0 0 0 64 20 8 0 0 0 0 0 64 20 0 0 0 0 0 0 64 20 0 0 0 0 0 0 64 20 0 0 0 0 0 0 64 20 0 0 0 0 0 0 64 20 0 0 0 0 0 0 64 20 1 0 0 0 0 0 64 20 128 0 0 0 0 0 4 8 0 0 0 0 0 0 4 8 0 0 0 0 0 0 4 8 0 32 129 0 0 0 4 8 0 32 193 0 0 0 4 8 0 0 0 0 0 0 4 8 0 0 0 0 0 0 4 8 2 0 0 0 0 0 4 8 0 0 0 0 0 0 4 8 2 0 0 0 0 0 4 8 0 0 0 0 0 0 4 8 0 0 0 0 0 0 4 8 0 0 0 0 0 0 4 8 0 0 0 0 0 0 4 8 0 0 0 0 0 0 4 8 16 0 0 0 0 0 4 8 0 0 0 0 0 0 64 20 0 0 0 0 0 0 64 20 72 18 0 0 0 0 64 20 72 16 2 0 0 0 64 20 72 16 2 0 0 0 64 20 72 33 0 0 0 0 64 20 10 0 0 0 0 0 64 20 8 0 0 0 0 0 64 20 8 0 0 0 0 0 64 20 8 0 0 0 0 0 64 20 0 0 0 0 0 0 64 20 0 0 0 0 0 0 64 20 0 0 0 0 0 0 64 20 0 0 0 0 0 0 64 20 0 0 0 0 0 0 64 20 1 0 0 0 0 0 64 20 128 0 0 0 0 0 4 8 0 0 0 0 0 0 4 8 0 0 0 0 0 0 4 8 0 32 129 0 0 0 4 8 0 32 193 0 0 0 4 8 0 0 0 0 0 0 4 8 0 0 0 0 0 0 4 8 2 0 0 0 0 0 4 8 2 0 0 0 0 0 4 8 2 0 0 0 0 0 4 8 0 0 0 0 0 0 4 8 0 0 0 0 0 0 4 8 0 0 0 0 0 0 4 8 0 0 0 0 0 0 4 8 0 0 0 0 0 0 4 8 16 0 0 0 0 0 4 8 0 0 0 0 0 0 -1 -2
L 1136 -48 1168 -48 0 0 false 5 0
207 1120 -48 1088 -48 4 FI
x 912 -49 1057 -46 4 24 Flags\sregister
153 1584 464 1648 464 0 8 5 5
207 1584 400 1552 400 4 E0
207 1584 416 1552 416 4 E1
207 1648 464 1680 464 4 Z
207 1584 432 1552 432 4 E2
207 1584 448 1552 448 4 E3
207 1584 528 1552 528 4 E7
207 1584 512 1552 512 4 E6
207 1584 496 1552 496 4 E5
207 1584 480 1552 480 4 E4
207 1200 720 1200 688 4 CLR
207 1232 720 1232 688 4 CLK
207 1264 720 1264 688 4 OI
207 1296 720 1296 672 4 BUS_7
207 1328 720 1328 688 4 BUS_6
207 1360 720 1360 672 4 BUS_5
207 1392 720 1392 688 4 BUS_4
207 1424 720 1424 672 4 BUS_3
207 1456 720 1456 688 4 BUS_2
207 1488 720 1488 672 4 BUS_1
207 1520 720 1520 688 4 BUS_0
207 1024 960 1024 1008 4 BUS_3
207 1056 960 1056 992 4 BUS_2
207 1088 960 1088 1008 4 BUS_1
207 1120 960 1120 992 4 BUS_0
207 992 960 992 992 4 BUS_4
207 960 960 960 1008 4 BUS_5
207 928 960 928 992 4 BUS_6
207 896 960 896 1008 4 BUS_7
207 1120 720 1120 688 4 BUS_0
207 1088 720 1088 672 4 BUS_1
207 1056 720 1056 688 4 BUS_2
207 1024 720 1024 672 4 BUS_3
207 992 720 992 688 4 BUS_4
207 960 720 960 672 4 BUS_5
207 928 720 928 688 4 BUS_6
207 896 720 896 672 4 BUS_7
207 864 720 864 688 4 BI
207 832 720 832 688 4 CLK
207 800 720 800 688 4 CLR
207 864 864 832 864 4 BO
207 1120 816 1104 816 4 B_0
207 1088 816 1072 816 4 B_1
207 1056 816 1040 816 4 B_2
207 1024 816 1008 816 4 B_3
207 992 816 976 816 4 B_4
207 960 816 944 816 4 B_5
207 928 816 912 816 4 B_6
207 896 816 880 816 4 B_7
207 896 384 880 384 4 A_7
207 928 384 912 384 4 A_6
207 960 384 944 384 4 A_5
207 992 384 976 384 4 A_4
207 1024 384 1008 384 4 A_3
207 1056 384 1040 384 4 A_2
207 1088 384 1072 384 4 A_1
207 1120 384 1104 384 4 A_0
207 864 432 832 432 4 AO
207 800 288 800 256 4 CLR
207 832 288 832 256 4 CLK
207 864 288 864 256 4 AI
207 896 288 896 240 4 BUS_7
207 928 288 928 256 4 BUS_6
207 960 288 960 240 4 BUS_5
207 992 288 992 256 4 BUS_4
207 1024 288 1024 240 4 BUS_3
207 1056 288 1056 256 4 BUS_2
207 1088 288 1088 240 4 BUS_1
207 1120 288 1120 256 4 BUS_0
207 896 528 896 576 4 BUS_7
207 928 528 928 560 4 BUS_6
207 960 528 960 576 4 BUS_5
207 992 528 992 560 4 BUS_4
207 1120 528 1120 560 4 BUS_0
207 1088 528 1088 576 4 BUS_1
207 1056 528 1056 560 4 BUS_2
207 1024 528 1024 576 4 BUS_3
208 768 320 848 320 5120 8-bit\sregister 0 0 0 0 0 0 0 0
208 832 464 896 464 5120 8-bit\sbuffer 4.999999999699999e-11 1.9999999998799997e-10 9.999999999399998e-11 1.9999999998799997e-10 0.8333333333333334 1.6666666666666667 0 0
207 240 384 224 384 4 I_7
207 272 384 256 384 4 I_6
207 304 384 288 384 4 I_5
207 336 384 320 384 4 I_4
207 208 432 176 432 4 IO
207 144 288 144 256 4 CLR
207 176 288 176 256 4 CLK
207 208 288 208 256 4 II
207 240 288 240 240 4 BUS_7
207 272 288 272 256 4 BUS_6
207 304 288 304 240 4 BUS_5
207 336 288 336 256 4 BUS_4
207 368 288 368 240 4 BUS_3
207 400 288 400 256 4 BUS_2
207 432 288 432 240 4 BUS_1
207 464 288 464 256 4 BUS_0
207 240 528 240 576 4 BUS_7
207 272 528 272 560 4 BUS_6
207 304 528 304 576 4 BUS_5
207 336 528 336 560 4 BUS_4
207 464 528 464 560 4 BUS_0
207 432 528 432 576 4 BUS_1
207 400 528 400 560 4 BUS_2
207 368 528 368 576 4 BUS_3
208 112 320 192 320 5120 8-bit\sregister 0 0 0 0 0 0 0 0
208 176 464 240 464 5120 8-bit\sbuffer 4.999999999699999e-11 1.9999999998799997e-10 9.999999999399998e-11 1.9999999998799997e-10 0.8333333333333334 1.6666666666666667 0 0
w 368 384 368 432 0
w 400 384 400 432 0
w 432 384 432 432 0
w 464 384 464 432 0
207 1264 528 1264 576 4 BUS_7
207 1296 528 1296 560 4 BUS_6
207 1328 528 1328 576 4 BUS_5
207 1360 528 1360 560 4 BUS_4
207 1488 528 1488 560 4 BUS_0
207 1456 528 1456 576 4 BUS_1
207 1424 528 1424 560 4 BUS_2
207 1392 528 1392 576 4 BUS_3
207 1200 384 1200 416 4 C
207 1232 432 1248 432 4 EO
207 1200 288 1200 256 4 A_7
207 1232 288 1232 256 4 A_6
207 1264 288 1264 256 4 A_5
207 1296 288 1296 256 4 A_4
207 1328 288 1328 256 4 A_3
207 1360 288 1360 256 4 A_2
207 1392 288 1392 256 4 A_1
207 1488 384 1472 384 4 E0
207 1456 384 1440 384 4 E1
207 1424 384 1408 384 4 E2
207 1392 384 1376 384 4 E3
207 1360 384 1344 384 4 E4
207 1328 384 1312 384 4 E5
207 1296 384 1280 384 4 E6
207 1264 384 1248 384 4 E7
154 1680 224 1680 288 0 2 0 5
154 1616 224 1616 288 0 2 0 5
154 1552 224 1552 288 0 2 0 5
154 1488 224 1488 288 0 2 0 5
154 1520 112 1520 192 0 2 0 5
154 1584 112 1584 192 0 2 0 5
154 1648 112 1648 192 0 2 0 5
154 1456 112 1456 192 0 2 0 5
w 1456 192 1456 288 0
w 1520 192 1520 288 0
w 1584 192 1584 288 0
w 1648 192 1648 288 0
207 1664 224 1664 192 4 B_0
207 1600 224 1600 192 4 B_2
207 1536 224 1536 192 4 B_4
207 1472 224 1472 192 4 B_6
207 1632 112 1632 80 4 B_1
207 1568 112 1568 80 4 B_3
207 1504 112 1504 80 4 B_5
207 1440 112 1440 80 4 B_7
w 1472 112 1472 48 0
w 1536 112 1536 48 0
w 1600 112 1600 48 0
w 1664 112 1664 48 0
w 1696 224 1696 48 0
w 1712 288 1712 48 0
w 1632 224 1632 192 0
w 1632 192 1616 192 0
w 1616 192 1616 48 0
w 1568 224 1568 192 0
w 1568 192 1552 192 0
w 1552 192 1552 48 0
w 1504 224 1504 192 0
w 1504 192 1488 192 0
w 1488 192 1488 48 0
w 1712 48 1696 48 0
w 1696 48 1664 48 0
w 1664 48 1616 48 0
w 1616 48 1600 48 0
w 1600 48 1552 48 0
w 1552 48 1536 48 0
w 1536 48 1488 48 0
w 1488 48 1472 48 0
w 1472 48 1440 48 0
207 1440 48 1408 48 4 SU
207 1424 288 1424 256 4 A_0
207 576 288 576 336 4 BUS_3
207 608 288 608 320 4 BUS_2
207 640 288 640 336 4 BUS_1
207 672 288 672 320 4 BUS_0
w 672 144 672 192 0
w 640 144 640 192 0
w 608 144 608 192 0
w 576 144 576 192 0
207 672 48 672 16 4 BUS_0
207 640 48 640 0 4 BUS_1
207 608 48 608 16 4 BUS_2
207 576 48 576 0 4 BUS_3
207 544 48 544 16 4 CLK
207 544 192 544 160 4 CO
I 704 0 704 48 0 0.5 5
I 704 192 704 144 0 0.5 5
w 736 48 768 48 0
w 768 48 768 144 0
w 768 144 736 144 0
207 736 48 736 16 4 CE
207 704 0 704 -32 4 CLR
207 704 192 704 224 4 J
207 32 176 32 144 4 BUS_0
207 0 176 0 128 4 BUS_1
207 -32 176 -32 144 4 BUS_2
207 -64 176 -64 128 4 BUS_3
207 -96 176 -96 144 4 MI
207 -128 176 -128 144 4 CLK
207 -160 176 -160 144 4 CLR
w 32 272 32 288 0
w 0 272 0 288 0
w -32 272 -32 288 0
w -64 272 -64 288 0
L -96 288 -96 272 2 0 false 5 0
L -128 288 -128 272 2 0 false 5 0
L -160 288 -160 272 2 0 false 5 0
L -192 288 -192 272 2 0 false 5 0
207 -304 288 -304 256 4 PROG
w 32 384 32 448 0
w 0 384 0 448 0
w -32 384 -32 448 0
w -64 384 -64 448 0
207 -64 544 -64 592 4 BUS_3
207 -32 544 -32 576 4 BUS_2
207 0 544 0 592 4 BUS_1
207 32 544 32 576 4 BUS_0
207 -96 544 -96 576 4 BUS_4
207 -128 544 -128 592 4 BUS_5
207 -160 544 -160 576 4 BUS_6
207 -192 544 -192 592 4 BUS_7
I -224 576 -224 544 0 0.5 5
207 -224 576 -224 608 4 RO
151 -112 416 -176 416 0 2 5 5
207 -112 400 -128 400 4 CLK
207 -112 432 -128 432 4 RI
w -176 416 -224 416 0
w -224 416 -224 448 0
207 -192 960 -192 992 4 HLT
207 -160 960 -160 992 4 MI
207 -128 960 -128 992 4 RI
207 -96 960 -96 992 4 RO
207 -64 960 -64 992 4 IO
207 -32 960 -32 992 4 II
207 0 960 0 992 4 AI
207 32 960 32 992 4 AO
207 32 864 32 880 4 S0
207 0 864 0 880 4 S1
207 -32 864 -32 880 4 S2
207 -64 864 -64 880 4 I_4
207 -96 864 -96 880 4 I_5
207 -128 864 -128 880 4 I_6
207 -160 864 -160 880 4 I_7
207 -224 864 -224 880 4 CF
207 -256 864 -256 880 4 ZF
207 112 864 112 880 4 ZF
207 144 864 144 880 4 CF
207 208 864 208 880 4 I_7
207 240 864 240 880 4 I_6
207 272 864 272 880 4 I_5
207 304 864 304 880 4 I_4
207 336 864 336 880 4 S2
207 368 864 368 880 4 S1
207 400 864 400 880 4 S0
207 208 960 208 992 4 SU
207 176 960 176 992 4 EO
207 240 960 240 992 4 BI
207 272 960 272 992 4 OI
207 304 960 304 992 4 CE
207 336 960 336 992 4 CO
207 368 960 368 992 4 J
207 400 960 400 992 4 FI
164 -144 688 -128 688 2048 4 0 0 0 0 false 0
185 -48 688 -16 688 5120 3
207 -144 784 -176 784 4 CLK
152 -224 720 -144 720 0 2 0 5
w 80 816 80 832 0
w 80 832 -256 832 0
w -256 832 -256 736 0
w -256 736 -224 736 0
w -144 720 -144 688 0
207 -224 704 -256 704 4 CLR
207 -48 688 -48 704 4 S0
207 -48 720 -48 736 4 S1
207 -48 752 -48 768 4 S2
x -367 682 -234 685 4 24 Control\slogic
x -374 1003 -238 1006 4 24 Control\sword
w 1120 384 1120 432 0
w 1088 384 1088 432 0
w 1056 384 1056 432 0
w 1024 384 1024 432 0
w 992 384 992 432 0
w 960 384 960 432 0
w 928 384 928 432 0
w 896 384 896 432 0
w 1488 384 1488 432 0
w 1456 384 1456 432 0
w 1424 384 1424 432 0
w 1392 384 1392 432 0
w 1360 384 1360 432 0
w 1328 384 1328 432 0
w 1296 384 1296 432 0
w 1264 384 1264 432 0
w 1120 816 1120 864 0
w 1088 816 1088 864 0
w 1056 816 1056 864 0
w 1024 816 1024 864 0
w 992 816 992 864 0
w 960 816 960 864 0
w 928 816 928 864 0
w 896 816 896 864 0
208 896 48 976 48 5120 4-bit\sregister 0 0 0 0
207 928 16 928 -16 4 CLR
207 960 16 960 -16 4 CLK
207 992 16 992 -16 4 FI
207 1088 16 1088 -16 4 Z
207 1120 16 1120 -16 4 C
207 1088 112 1088 144 4 ZF
207 1120 112 1120 144 4 CF
207 192 -32 160 -32 4 PROG
g 560 960 560 992 0 0
207 560 960 560 976 4 GND
207 -288 960 -256 960 4 GND
207 80 960 112 960 4 GND
R 240 656 240 640 0 0 40 5 0 0 0.5
R -288 864 -288 848 0 0 40 5 0 0 0.5
R 80 864 80 848 0 0 40 5 0 0 0.5
I -304 288 -224 288 0 0.5 5
x -294 -26 -235 -23 4 18 manual
207 -192 864 -192 880 4 GND
R 176 864 176 848 0 0 40 5 0 0 0.5
207 240 432 240 448 4 GND
207 272 432 272 448 4 GND
207 304 432 304 448 4 GND
207 336 432 336 448 4 GND
x -369 914 -312 917 4 18 ROM\s1
x 425 915 482 918 4 18 ROM\s2
x -375 508 -255 511 4 24 Program\s->
